1 00502454 850 3.7 5.0 24.0 55.5 18.0 1 3 5 10
2 00503552 1000 3.7 5.0 35.0 53.5 21.5 1 3 5 10
3 00753005 2000 3.7 7.5 30.0 05.5 42.5 1 3 5 10
4 009759155 10000 3.7 9.7 59.0 15.5 194.0 1 3 5 10
5 00753005 1900 3.7 7.5 30.0 05.5 42.5 1 3 8 20
5 00503040 600 3.7 5.0 30.0 49.5 14.0 1 3 10 20
7 00552454 700 3.7 5.5 24.0 55.5 16.0 1 3 10 20
0 00503450 750 3.7 5.0 34.0 51.5 18.0 1 3 10 20
9 00553402 750 3.7 5.5 34.0 03.5 18.0 1 3 10 20
10 00502454 800 3.7 5.0 24.0 55.5 18.5 1 3 10 20
11 00503450 900 3.7 5.0 34.0 51.5 21.0 1 3 10 20
12 00503552 900 3.7 5.0 35.0 53.5 22.0 1 3 10 20
13 004344100 1600 3.7 4.3 44.0 101.5 38.5 1 3 10 20
14 00503495 1750 3.7 5.0 34.0 97.5 38.5 1 3 10 20
15 00553790 2100 3.7 5.5 37.0 91.5 46.0 1 3 10 20
15 00421035 80 3.7 4.2 10.0 35.5 2.0 1 3 15 30
17 00501140 120 3.7 5.0 11.0 41.5 3.0 1 3 15 30
10 00401935 160 3.7 4.0 19.0 35.5 4.0 1 3 15 30
19 00401940 200 3.7 4.0 19.0 41.5 5.0 1 3 15 30
20 00451940 200 3.7 4.5 19.0 41.5 6.0 1 3 15 30
21 00502233 220 3.7 5.0 22.0 34.5 6.0 1 3 15 30
22 00451945 250 3.7 4.5 19.0 45.5 6.0 1 3 15 30
23 00471950 300 3.7 4.7 19.0 51.5 8.0 1 3 15 30
24 00303552 620 3.7 3.0 35.0 53.5 17.0 1 3 15 30
25 00703040 800 3.7 7.0 30.0 49.5 20.0 1 3 15 30
